F 1 2 3 4 5 6 c

0 0 0 0 0 0 0 0
1 0 0 0 0 0 0 0
2 0 0 0 0 0 0 0
3 0 0 0 0 0 0 0
4 0 0 0 0 0 0 0
5 0 0 0 0 0 0 0
6 0 0 0 0 0 0 0
7 0 0 0 0 0 0 0
8 0 0 1 0 0 0 1
9 0 0 1 0 0 0 1
10 0 0 1 0 0 0 1
11 0 0 1 1 0 0 2
12 0 1 1 1 1 0 4
13 0 1 1 1 1 1 5
14 0 1 1 1 1 1 5
15 0 1 1 1 1 1 5
16 0 1 1 1 1 1 5
17 0 1 1 1 1 1 5
18 0 1 0 0 1 1 3
19 0 0 0 0 0 1 1
20 0 0 0 0 0 1 1
21 0 0 0 0 0 1 1
22 0 0 0 0 0 0 0
23 0 0 0 0 0 0 0
24 0 0 0 0 0 0 0
25 0 0 0 0 0 0 0
26 0 0 0 0 0 0 0
27 0 0 0 0 0 0 0
28 0 0 0 0 0 0 0
29 0 0 0 0 0 0 0
30 0 0 1 0 0 0 1
31 0 0 1 0 0 0 1
32 0 0 1 0 0 0 1
33 0 0 1 1 1 0 3
34 0 0 1 1 1 0 3
35 0 0 1 1 1 0 3
36 0 0 1 1 1 1 4
37 0 0 1 1 1 1 4
38 0 0 1 1 1 1 4
39 0 0 0 1 1 1 3
40 0 0 0 1 1 1 3
41 0 0 0 1 1 1 3
42 0 0 0 1 1 1 3
43 0 0 0 0 0 1 1
44 0 0 0 0 0 1 1
45 0 0 0 0 0 1 1
46 0 0 0 0 0 0 0
47 0 0 0 0 0 0 0
48 0 0 0 0 0 0 0
49 0 0 0 0 0 0 0
50 0 0 0 0 0 0 0
51 0 0 0 0 0 0 0
52 0 0 0 0 0 0 0
53 0 0 0 0 0 0 0
54 0 0 0 0 0 0 0
55 0 0 0 0 0 0 0
56 0 0 0 0 0 0 0
57 0 0 0 0 0 0 0
58 0 0 0 0 0 0 0
59 0 0 0 0 0 0 0
60 0 0 0 0 0 0 0
61 0 0 0 0 0 0 0
62 0 0 0 0 0 0 0
63 0 0 0 0 0 0 0
64 0 0 0 0 0 0 0
65 0 0 0 0 0 0 0
66 0 0 0 0 0 0 0
67 0 0 0 0 0 0 0
68 0 0 0 0 0 0 0
69 0 0 0 0 0 0 0
70 0 0 0 0 0 0 0
71 0 0 0 0 0 0 0
72 0 0 0 0 0 0 0
73 0 0 0 0 0 0 0
74 0 0 0 0 0 0 0
75 0 0 0 0 0 0 0
76 0 0 0 0 0 0 0
77 0 0 0 0 0 0 0
78 0 0 0 0 0 0 0
79 1 0 0 0 0 0 1
80 1 0 0 0 0 0 1
81 1 0 0 0 0 0 1
82 1 1 1 0 0 0 3
83 1 1 1 1 0 0 4
84 1 1 1 1 0 0 4
85 1 1 1 1 0 0 4
86 1 1 1 1 0 0 4
87 1 1 1 1 1 0 5
88 1 1 1 1 1 1 6
89 1 1 1 1 1 1 6
90 1 1 1 1 1 1 6
91 1 1 1 1 1 1 6
92 1 1 1 1 1 1 6
93 1 1 1 1 1 1 6
94 1 1 1 1 1 1 6
95 1 1 1 1 1 1 6
96 0 1 1 1 1 1 5
97 0 1 1 1 1 1 5
98 0 1 1 1 1 1 5
99 0 1 0 1 1 1 4
100 0 0 0 1 0 1 2
101 0 0 0 0 0 0 0
102 0 0 0 0 0 0 0
103 0 0 0 0 0 0 0
104 0 0 0 0 0 0 0
105 0 0 0 0 0 0 0
106 0 0 0 0 0 0 0
107 0 0 0 0 0 0 0
108 0 0 0 0 0 0 0
109 0 0 0 0 0 0 0
110 0 0 0 0 0 0 0
111 0 0 0 0 0 0 0
112 0 0 0 0 1 0 1
113 0 0 0 0 1 0 1
114 0 0 0 0 1 0 1
115 0 0 0 0 1 1 2
116 0 0 0 0 1 1 2
117 0 0 0 0 1 1 2
118 0 0 0 0 1 1 2
119 0 0 0 0 1 1 2
120 0 0 0 0 1 1 2
121 0 0 0 0 1 1 2
122 0 0 0 0 1 1 2
123 0 0 0 0 1 1 2
124 0 0 0 0 1 1 2
125 0 0 0 0 0 1 1
126 0 0 0 0 0 1 1
127 1 0 0 0 0 1 2
128 1 0 0 0 0 0 1
129 1 1 1 0 0 0 3
130 1 1 1 0 0 0 3
131 1 1 1 1 0 0 4
132 1 1 1 1 0 0 4
133 1 1 1 1 0 0 4
134 1 1 1 1 0 0 4
135 1 1 1 1 0 0 4
136 1 1 1 1 0 0 4
137 0 1 1 1 0 0 3
138 0 1 0 0 0 0 1
139 0 1 0 0 0 0 1
140 0 1 0 0 0 0 1
141 0 0 0 0 0 0 0
142 0 0 0 0 0 0 0
143 0 0 0 0 0 0 0
144 0 0 0 0 0 0 0
145 0 0 0 0 0 0 0
146 0 0 0 0 0 0 0
147 0 0 0 0 0 0 0
148 0 0 0 0 0 0 0
149 0 0 0 0 0 0 0
150 0 0 0 0 0 0 0
151 0 0 0 0 0 0 0
152 0 0 0 0 0 0 0
153 0 0 0 0 0 0 0
154 0 0 0 0 0 0 0
155 0 0 0 0 0 0 0
156 0 0 0 0 0 0 0
157 0 0 0 0 0 0 0
158 0 0 0 0 0 0 0
159 0 0 0 0 0 0 0
160 0 0 0 0 0 0 0
161 0 0 0 0 0 0 0
162 0 0 0 0 0 0 0
163 0 0 0 0 0 0 0
164 0 0 0 0 0 0 0
165 0 0 0 0 0 0 0
166 0 0 0 0 0 0 0
167 0 0 0 0 0 0 0
168 0 0 0 0 0 0 0
169 0 0 0 0 0 0 0
170 0 0 0 0 0 0 0
171 0 0 0 0 0 0 0
172 0 0 0 0 0 0 0
173 0 0 0 0 0 0 0
174 0 0 0 0 0 0 0
175 0 0 0 0 0 0 0
176 0 0 0 0 0 0 0
177 0 0 0 0 0 0 0
178 0 0 0 0 0 0 0
179 0 0 0 0 0 0 0
180 0 0 0 0 0 0 0
181 0 0 0 0 0 0 0
182 0 0 0 0 0 0 0
183 0 0 0 0 0 0 0
184 0 0 0 0 0 0 0
185 0 0 0 0 0 0 0
186 0 0 0 0 0 0 0
187 0 0 0 0 0 0 0
188 0 0 0 0 0 0 0
189 0 0 0 0 0 0 0
190 0 0 0 0 0 0 0
191 0 0 0 0 0 0 0
192 1 0 1 0 0 0 2
193 1 1 1 1 0 0 4
194 1 1 1 1 0 0 4
195 1 1 1 1 0 0 4
196 1 1 1 1 0 0 4
197 1 1 1 1 0 0 4
198 1 1 1 1 1 0 5
199 1 1 1 1 1 1 6
200 0 1 1 1 0 1 4
201 0 1 1 1 0 1 4
202 0 1 1 1 0 1 4
203 0 1 1 1 0 1 4
204 0 0 1 1 0 0 2
205 0 0 1 1 0 0 2
206 0 0 1 1 0 0 2
207 0 0 1 1 0 0 2
208 0 0 1 1 0 0 2
209 0 0 1 1 1 0 3
210 0 0 1 1 1 0 3
211 0 0 1 1 1 1 4
212 0 0 1 1 1 1 4
213 0 0 1 1 1 1 4
214 1 0 1 1 1 1 5
215 1 0 1 1 1 1 5
216 1 0 1 1 1 1 5
217 1 1 1 1 1 1 6
218 1 1 1 1 1 1 6
219 1 1 1 1 1 1 6
220 1 0 1 1 0 1 4
221 1 0 1 1 0 1 4
222 1 0 1 1 0 1 4
223 1 0 1 1 0 1 4
224 0 0 0 0 0 0 0
225 0 0 0 0 0 0 0
226 0 0 0 0 0 0 0
227 0 0 0 0 0 0 0
228 0 0 0 0 0 0 0
229 0 0 0 0 0 0 0
230 0 0 0 0 0 0 0
231 0 0 0 0 0 0 0
232 0 0 0 0 0 0 0
233 0 0 0 0 0 0 0
234 0 0 0 0 0 0 0
235 0 0 0 0 1 0 1
236 0 0 0 0 1 0 1
237 0 0 0 0 1 0 1
238 0 0 0 0 1 1 2
239 0 0 0 0 1 1 2
240 0 0 0 0 1 1 2
241 0 0 0 0 1 1 2
242 0 0 0 0 1 1 2
243 0 0 0 0 1 1 2
244 0 0 0 0 1 1 2
245 0 0 0 0 1 1 2
246 0 0 0 0 1 1 2
247 0 0 0 0 1 1 2
248 0 0 0 0 1 1 2
249 0 0 0 0 1 1 2
250 0 0 0 0 1 1 2
251 0 0 0 0 1 1 2
252 0 0 0 0 1 1 2
253 0 0 0 0 1 1 2
254 0 0 0 0 1 1 2
255 0 0 0 0 1 1 2
256 0 0 0 0 1 1 2
257 0 0 0 0 1 1 2
258 0 0 0 0 1 1 2
259 0 0 0 0 1 1 2
260 0 0 0 0 1 1 2
261 0 0 0 0 1 1 2
262 0 0 0 0 1 1 2
263 0 0 0 0 1 1 2
264 0 0 0 0 1 1 2
265 0 0 0 0 1 1 2
266 0 0 0 0 0 0 0
267 0 0 0 0 0 0 0
268 0 0 0 0 0 0 0
269 0 0 0 0 0 0 0
270 0 0 0 0 0 0 0
271 0 0 0 0 0 0 0
272 0 0 0 0 0 0 0
273 0 0 0 0 0 0 0
274 0 0 0 0 0 0 0
275 0 0 0 0 0 0 0
276 0 0 0 0 0 0 0
277 0 0 0 0 0 0 0
278 0 0 0 0 0 0 0
279 0 0 1 0 0 0 1
280 0 0 1 0 0 0 1
281 0 0 1 1 1 0 3
282 0 0 1 1 1 0 3
283 0 0 1 1 1 1 4
284 0 0 1 1 1 1 4
285 0 0 1 1 1 1 4
286 0 0 1 1 1 1 4
287 0 0 1 1 1 1 4
288 0 0 1 1 1 1 4
289 0 0 1 1 1 1 4
290 0 0 0 1 1 1 3
291 0 0 0 0 0 1 1
292 0 0 0 0 0 1 1
293 0 0 0 0 0 1 1
294 0 0 0 0 0 0 0
295 0 0 0 0 0 0 0
296 0 0 0 0 0 0 0
297 0 0 0 0 0 0 0
298 0 0 0 0 0 0 0
299 0 0 0 0 0 0 0
300 0 0 0 0 0 0 0
301 1 0 0 0 0 0 1
302 1 0 1 0 0 0 2
303 1 0 1 0 0 0 2
304 1 0 1 0 0 0 2
305 1 1 1 1 0 0 4
306 1 1 1 1 0 0 4
307 1 1 1 1 0 0 4
308 1 1 1 1 0 0 4
309 1 1 1 1 0 0 4
310 1 1 1 1 1 0 5
311 1 1 1 1 1 0 5
312 1 1 1 1 1 1 6
313 1 1 1 0 1 1 5
314 1 1 1 0 1 1 5
315 0 1 1 0 1 1 4
316 0 1 1 0 1 1 4
317 0 1 1 0 1 1 4
318 0 1 0 0 1 1 3
319 0 0 0 0 1 1 2
320 0 0 0 0 1 1 2
321 0 0 0 0 1 1 2
322 0 0 0 0 1 0 1
323 0 0 0 0 1 0 1
324 0 0 0 0 1 0 1
325 0 0 0 0 1 0 1
326 0 0 0 0 1 0 1
327 0 0 0 0 0 0 0
328 0 0 0 0 0 0 0
329 0 0 0 0 0 0 0
330 0 0 0 0 0 0 0
331 1 0 0 0 0 0 1
332 1 0 0 0 0 0 1
333 1 0 0 0 0 0 1
334 1 0 0 0 0 0 1
335 1 0 0 0 0 0 1
336 1 0 0 0 0 0 1
337 1 0 0 0 0 0 1
338 1 0 0 0 0 0 1
339 1 0 0 0 0 0 1
340 1 0 0 0 0 0 1
341 1 1 0 0 0 0 2
342 1 1 1 0 0 0 3
343 1 1 1 1 0 0 4
344 1 1 1 1 0 0 4
345 1 1 1 1 0 0 4
346 1 1 1 1 0 0 4
347 1 1 1 1 0 0 4
348 0 1 0 1 0 0 2
349 0 1 0 1 0 0 2
350 0 1 0 1 0 0 2
351 0 1 0 1 0 0 2
352 0 0 0 0 0 0 0
353 0 0 0 0 0 0 0
354 0 0 0 0 0 0 0
355 0 0 0 0 0 0 0
356 0 0 0 0 0 0 0
357 0 0 0 0 0 0 0
358 0 0 0 0 0 0 0
359 0 0 0 0 0 0 0
360 0 0 0 0 0 0 0
361 0 0 0 0 0 0 0
362 0 0 0 0 0 0 0
363 0 0 0 0 0 0 0
364 0 0 0 0 0 0 0
365 0 0 0 0 0 0 0
366 0 0 0 0 1 0 1
367 0 0 0 0 1 0 1
368 0 0 0 0 1 0 1
369 0 0 0 0 1 0 1
370 0 0 0 0 1 1 2
371 0 0 0 0 1 1 2
372 0 0 0 0 1 1 2
373 0 0 0 0 1 1 2
374 0 0 0 0 1 1 2
375 0 0 0 0 1 1 2
376 0 0 0 0 1 1 2
377 0 0 0 0 1 1 2
378 0 0 0 0 1 1 2
379 0 0 0 0 1 1 2
380 0 0 0 0 1 1 2
381 0 0 0 0 0 1 1
382 0 0 0 0 0 1 1
383 0 0 0 0 0 1 1
384 0 0 0 0 0 0 0
385 0 0 0 0 0 0 0
386 0 0 0 0 0 0 0
387 0 0 0 0 0 0 0
388 0 0 0 0 0 0 0
389 0 0 0 0 0 0 0
390 0 0 0 0 0 0 0
391 0 0 0 0 0 0 0
392 0 0 0 0 0 0 0
393 0 0 0 0 0 0 0
394 0 0 0 0 0 0 0
395 1 0 0 0 0 0 1
396 1 0 0 0 0 0 1
397 1 1 0 0 0 0 2
398 1 1 0 0 0 0 2
399 1 1 0 0 0 0 2
400 1 1 1 0 0 0 3
401 1 1 1 1 0 0 4
402 1 1 1 1 0 0 4
403 1 1 1 1 0 0 4
404 1 1 1 0 0 0 3
405 1 1 1 0 0 0 3
406 0 1 0 0 0 0 1
407 0 1 0 0 0 0 1
408 0 1 0 0 0 0 1
409 0 1 0 0 0 0 1
410 0 1 0 0 0 0 1
411 0 1 0 0 0 0 1
412 0 1 0 0 0 0 1
413 1 1 0 0 0 0 2
414 1 1 0 0 0 0 2
415 1 1 1 0 0 0 3
416 1 1 1 0 0 0 3
417 1 1 1 1 1 0 5
418 0 1 1 1 1 0 4
419 0 1 1 1 1 0 4
420 0 1 1 1 1 1 5
421 0 0 1 1 1 1 4
422 0 0 1 1 1 1 4
423 0 0 1 1 1 1 4
424 0 0 1 1 1 1 4
425 0 0 1 1 1 1 4
426 0 0 1 1 1 1 4
427 0 0 1 1 1 1 4
428 0 0 1 1 1 1 4
429 0 0 1 1 1 1 4
430 0 0 1 1 1 1 4
431 0 0 1 1 1 1 4
432 0 0 1 1 1 1 4
433 0 0 1 1 1 1 4
434 0 0 1 1 1 1 4
435 0 0 1 1 1 1 4
436 1 0 1 1 1 1 5
437 1 0 1 1 1 1 5
438 1 1 1 1 1 1 6
439 0 1 0 1 1 1 4
440 0 1 0 1 1 1 4
441 0 1 0 1 1 1 4
442 0 1 0 0 1 1 3
443 0 0 0 0 0 1 1
444 0 0 0 0 0 0 0
445 0 0 0 0 0 0 0
446 0 0 0 0 0 0 0
447 0 0 0 0 0 0 0
448 0 0 0 0 0 0 0
449 0 0 1 0 0 0 1
450 0 0 1 0 0 0 1
451 0 0 1 0 0 0 1
452 0 0 1 1 0 0 2
453 0 0 1 1 0 0 2
454 0 0 1 1 1 1 4
455 0 0 1 1 1 1 4
456 0 0 1 1 1 1 4
457 0 0 1 1 1 1 4
458 0 0 1 1 1 1 4
459 0 0 1 1 1 1 4
460 0 0 1 1 1 1 4
461 0 0 1 1 1 1 4
462 0 0 0 1 1 1 3
463 0 0 0 1 1 1 3
464 0 0 0 0 0 1 1
465 0 0 0 0 0 1 1
466 0 0 0 0 0 1 1
467 0 0 0 0 0 0 0
468 0 0 0 0 0 0 0
469 0 0 0 0 0 0 0
470 0 0 0 0 0 0 0
471 0 0 0 0 0 0 0
472 0 0 0 0 0 0 0
473 0 0 0 0 0 0 0
474 0 0 1 0 0 0 1
475 0 0 1 0 0 0 1
476 0 0 1 0 0 0 1
477 0 1 1 1 0 0 3
478 1 1 1 1 0 0 4
479 1 1 1 1 0 0 4
480 1 1 1 1 0 0 4
481 1 1 1 1 0 0 4
482 1 1 1 1 1 0 5
483 1 1 1 1 1 0 5
484 1 0 1 1 1 0 4
485 1 0 1 1 1 1 5
486 1 0 1 1 1 1 5
487 1 0 1 1 1 1 5
488 0 0 1 1 0 1 3
489 0 0 0 1 0 1 2
490 0 0 0 1 0 1 2
491 0 0 0 1 0 0 1
492 0 0 0 0 0 0 0
493 0 0 0 0 0 0 0
494 0 0 0 0 0 0 0
495 0 0 0 0 0 0 0
496 0 0 0 0 0 0 0
497 0 0 0 0 0 0 0
498 1 0 0 0 0 0 1
499 1 0 0 0 0 0 1
500 1 0 0 0 0 0 1
501 1 0 0 0 0 0 1
502 1 1 1 1 0 0 4
503 1 1 1 1 0 0 4
504 1 1 1 1 0 0 4
505 1 1 1 1 0 0 4
506 1 1 1 1 0 0 4
507 1 1 1 1 0 0 4
508 1 1 1 1 0 0 4
509 0 1 1 1 0 0 3
510 0 1 1 1 0 0 3
511 0 1 1 1 0 0 3
512 0 1 1 1 0 0 3
513 0 0 1 1 0 0 2
514 0 0 1 1 0 0 2
515 0 0 1 1 0 0 2
516 0 0 1 1 0 0 2
517 0 0 1 1 0 0 2
518 0 0 1 1 0 0 2
519 0 0 1 1 1 0 3
520 0 0 1 1 1 0 3
521 0 1 1 1 1 1 5
522 0 1 1 0 1 1 4
523 0 1 1 0 1 1 4
524 0 1 1 0 1 1 4
525 0 1 1 0 1 1 4
526 0 1 1 0 1 1 4
527 0 1 1 0 1 1 4
528 0 1 1 0 1 1 4
529 0 1 1 0 1 1 4
530 0 1 1 0 1 1 4
531 0 1 1 1 1 1 5
532 0 0 1 1 1 1 4
533 0 0 1 1 1 1 4
534 0 0 0 0 0 1 1
535 0 0 0 0 0 1 1
536 0 0 0 0 0 1 1
537 0 0 0 0 0 0 0
538 0 0 0 0 0 0 0
539 0 0 0 0 0 0 0
540 0 0 0 0 0 0 0
541 0 0 0 0 0 0 0
542 0 0 0 0 0 0 0
543 0 0 0 0 0 0 0
544 0 0 0 0 0 0 0
545 0 0 0 0 0 0 0
546 1 0 0 0 0 0 1
547 1 0 0 0 0 0 1
548 1 0 0 0 0 0 1
549 1 0 1 0 0 0 2
550 1 1 1 1 0 0 4
551 1 1 1 1 0 0 4
552 1 1 1 1 0 0 4
553 1 1 1 1 0 0 4
554 1 1 1 1 0 0 4
555 1 1 1 1 0 0 4
556 1 1 1 1 0 0 4
557 1 1 1 1 0 0 4
558 1 1 1 0 0 0 3
559 0 1 0 0 0 0 1
560 0 1 0 0 0 0 1
561 0 1 0 0 0 0 1
562 0 0 0 0 0 0 0
563 0 0 0 0 0 0 0
564 0 0 0 0 0 0 0
565 0 0 0 0 0 0 0
566 0 0 0 0 0 0 0
567 0 0 0 0 0 0 0
568 0 0 0 0 0 0 0
569 0 0 0 0 0 0 0
570 0 0 0 0 0 0 0
571 0 0 0 0 0 0 0
572 0 0 0 0 0 0 0
573 0 0 0 0 0 0 0
574 0 0 0 0 0 0 0
575 0 0 0 0 0 0 0
576 0 0 0 0 0 0 0
577 0 0 0 0 0 0 0
578 1 0 1 0 0 0 2
579 1 0 1 1 0 0 3
580 1 0 1 1 0 0 3
581 1 1 1 1 0 0 4
582 1 1 1 1 1 0 5
583 1 1 1 1 1 0 5
584 1 1 1 1 1 0 5
585 1 1 1 1 1 0 5
586 1 1 1 1 1 1 6
587 0 1 1 1 1 1 5
588 0 0 0 0 1 1 2
589 0 0 0 0 1 1 2
590 0 0 0 0 1 1 2
591 0 0 0 0 1 0 1
592 0 0 0 0 1 0 1
593 0 0 0 0 1 0 1
594 0 0 0 0 0 0 0
595 0 0 0 0 0 0 0
596 0 0 0 0 0 0 0
597 0 0 0 0 0 0 0
598 0 0 0 0 0 0 0
599 0 0 0 0 0 0 0
600 0 0 0 0 0 0 0
601 0 0 0 0 0 0 0
602 0 0 0 0 0 0 0
603 0 0 0 0 0 0 0
604 0 0 0 0 0 0 0
605 1 0 0 0 0 0 1
606 1 0 0 0 0 0 1
607 1 0 1 0 0 0 2
608 1 0 1 0 0 0 2
609 1 1 1 0 0 0 3
610 1 1 1 1 0 0 4
611 1 1 1 1 0 0 4
612 1 1 1 1 0 0 4
613 1 1 1 1 0 0 4
614 1 1 1 1 0 0 4
615 1 1 1 1 0 0 4
616 1 1 1 1 0 0 4
617 0 1 0 1 0 0 2
618 0 1 0 1 0 0 2
619 0 1 0 1 0 0 2
620 0 0 0 0 0 0 0
621 0 0 0 0 0 0 0
622 0 0 0 0 0 0 0
623 0 0 0 0 0 0 0
624 0 0 0 0 0 0 0
625 0 0 0 0 0 0 0
626 0 0 0 0 0 0 0
627 0 0 0 0 0 0 0
628 0 0 0 0 0 0 0
629 0 0 0 0 0 0 0
630 0 0 0 0 0 0 0
631 0 0 1 0 0 0 1
632 0 0 1 0 0 0 1
633 0 0 1 1 1 0 3
634 0 0 1 1 1 0 3
635 0 0 1 1 1 0 3
636 0 0 1 1 1 1 4
637 0 0 1 1 1 1 4
638 0 0 1 1 1 1 4
639 0 0 1 1 1 1 4
640 0 0 1 1 1 1 4
641 0 0 1 1 1 1 4
642 0 0 0 1 1 1 3
643 0 0 0 1 1 1 3
644 0 0 0 1 1 1 3
645 0 0 0 1 0 1 2
646 0 0 0 0 0 0 0
647 0 0 0 0 0 0 0
648 0 0 0 0 0 0 0
649 0 0 0 0 0 0 0
650 0 0 0 0 0 0 0
651 0 0 0 0 0 0 0
652 0 0 0 0 0 0 0
653 0 0 0 0 0 0 0
654 0 0 0 0 0 0 0
655 0 0 0 0 0 0 0
656 0 0 0 0 0 0 0
657 0 0 0 0 0 0 0
658 0 0 0 0 0 0 0
659 0 0 1 0 0 0 1
660 0 0 1 0 0 0 1
661 0 0 1 1 1 1 4
662 0 0 1 1 1 1 4
663 0 0 1 1 1 1 4
664 0 0 1 1 1 1 4
665 0 0 1 1 1 1 4
666 0 0 1 1 1 1 4
667 0 0 1 1 1 1 4
668 0 0 1 1 1 1 4
669 0 0 1 1 1 1 4
670 0 0 1 1 1 1 4
671 0 0 0 1 1 1 3
672 0 0 0 1 1 1 3
673 0 0 0 1 1 1 3
674 0 0 0 1 1 1 3
675 0 0 0 0 1 1 2
676 0 0 0 0 1 1 2
677 0 0 0 0 1 1 2
678 0 0 0 0 1 1 2
679 0 0 0 0 1 1 2
680 0 0 0 0 1 1 2
681 0 0 0 0 1 1 2
682 0 0 0 0 0 1 1
683 0 0 0 0 0 0 0
684 1 0 0 0 0 0 1
685 1 0 0 0 0 0 1
686 1 1 0 0 0 0 2
687 0 1 0 0 0 0 1
688 0 1 0 0 0 0 1
689 0 1 0 0 0 0 1
690 0 1 0 0 0 0 1
691 0 0 0 0 0 0 0
692 0 0 0 0 0 0 0
693 0 0 0 0 0 0 0
694 0 0 0 0 0 0 0
695 0 0 0 0 0 0 0
696 0 0 0 0 0 0 0
697 0 0 0 0 0 0 0
698 0 0 0 0 0 0 0
699 0 0 0 0 0 0 0
700 0 0 0 0 0 0 0
701 0 0 0 0 0 0 0
702 1 0 1 0 0 0 2
703 1 0 1 0 0 0 2
704 1 0 1 0 0 0 2
705 1 1 1 1 0 0 4
706 1 1 1 1 0 0 4
707 1 1 1 1 1 0 5
708 1 1 1 1 1 0 5
709 1 1 1 1 1 1 6
710 1 1 1 1 1 1 6
711 1 1 1 1 1 1 6
712 0 1 1 1 1 1 5
713 0 1 1 1 1 1 5
714 0 1 1 1 1 1 5
715 0 1 0 1 1 1 4
716 0 0 0 0 0 1 1
717 0 0 0 0 0 1 1
718 0 0 0 0 0 1 1
719 0 0 0 0 0 1 1
720 0 0 0 0 0 0 0
721 0 0 0 0 0 0 0
722 0 0 0 0 0 0 0
723 0 0 0 0 0 0 0
724 0 0 0 0 0 0 0
725 0 0 0 0 0 0 0
726 0 0 0 0 0 0 0
727 0 0 0 0 0 0 0
728 0 0 0 0 0 0 0
729 0 0 0 0 0 0 0
730 0 0 0 0 0 0 0
731 0 0 0 0 0 0 0
732 0 0 0 0 0 0 0
733 0 0 0 0 0 0 0
734 0 0 0 0 0 0 0
735 0 0 0 0 0 0 0
736 0 0 0 0 0 0 0
737 0 0 0 0 0 0 0
738 0 0 0 0 0 0 0
739 0 0 0 0 0 0 0
740 0 0 0 0 0 0 0
741 0 0 0 0 0 0 0
742 0 0 0 0 0 0 0
743 0 0 0 0 0 0 0
744 0 0 0 0 0 0 0
745 0 0 0 0 0 0 0
746 0 0 0 0 0 0 0
747 0 0 0 0 0 0 0
748 0 0 0 0 0 0 0
749 0 0 0 0 0 0 0
750 0 0 0 0 0 0 0
751 0 0 0 0 0 0 0
752 0 0 0 0 0 0 0
753 0 0 0 0 0 0 0
754 0 0 0 0 0 0 0
755 0 0 0 0 0 0 0
756 0 0 0 0 0 0 0
757 0 0 0 0 0 0 0
758 0 0 0 0 0 0 0
759 0 0 0 0 0 0 0
760 0 0 0 0 0 0 0
761 0 0 0 0 0 0 0
762 0 0 0 0 0 0 0
763 0 0 0 0 0 0 0
764 1 0 0 0 0 0 1
765 1 0 1 1 0 0 3
766 1 0 1 1 0 0 3
767 1 1 1 1 0 0 4
768 1 1 1 1 1 0 5
769 1 1 1 1 1 1 6
770 1 0 1 1 1 1 5
771 1 0 1 1 1 1 5
772 1 0 1 1 1 1 5
773 0 0 1 1 1 1 4
774 0 0 0 0 1 1 2
775 0 0 0 0 1 1 2
776 0 0 0 0 1 1 2
777 0 0 0 0 1 1 2
778 0 0 0 0 0 0 0
779 0 0 0 0 0 0 0
780 0 0 0 0 0 0 0
781 0 0 0 0 0 0 0
782 0 0 0 0 0 0 0
783 0 0 0 0 0 0 0
784 0 0 0 0 0 0 0
785 0 0 0 0 0 0 0
786 0 0 0 0 0 0 0
787 0 0 0 0 0 0 0
788 0 0 0 0 0 0 0
789 0 0 0 0 0 0 0
790 0 0 0 0 0 0 0
791 0 0 0 0 0 0 0
792 0 0 0 0 0 0 0
793 0 0 0 0 0 0 0
794 0 0 0 0 0 0 0
795 0 0 0 0 0 0 0
796 0 0 0 0 0 0 0
797 0 0 0 0 0 0 0
798 0 0 0 0 0 0 0
799 0 0 0 0 0 0 0
800 0 0 0 0 0 0 0
801 0 0 0 0 0 0 0
802 0 0 0 0 0 0 0
803 0 0 0 0 0 0 0
804 0 0 0 0 0 0 0
805 0 0 0 0 0 0 0
806 0 0 0 0 0 0 0
807 0 0 0 0 0 0 0
808 0 0 0 0 0 0 0
809 0 0 0 0 0 0 0
810 0 0 0 0 0 0 0
811 0 0 0 0 0 0 0
812 1 0 0 0 0 0 1
813 1 0 0 0 0 0 1
814 1 0 1 0 0 0 2
815 1 0 1 0 0 0 2
816 1 0 1 1 0 0 3
817 1 1 1 1 0 0 4
818 1 1 1 1 1 0 5
819 1 1 1 1 1 0 5
820 1 1 1 1 1 0 5
821 1 1 1 1 1 0 5
822 1 1 1 1 1 1 6
823 1 0 1 1 1 1 5
824 1 0 1 1 1 1 5
825 1 0 1 1 1 1 5
826 1 0 1 1 1 1 5
827 1 0 1 1 1 1 5
828 1 0 1 1 1 1 5
829 1 0 1 1 1 1 5
830 1 0 1 1 1 1 5
831 1 0 1 1 1 1 5
832 0 0 1 1 1 1 4
833 0 0 1 1 1 1 4
834 0 0 1 1 1 1 4
835 0 0 1 1 1 1 4
836 0 0 1 1 1 0 3
837 0 0 1 1 1 0 3
838 0 0 1 1 1 0 3
839 0 0 1 1 1 0 3
840 0 0 1 1 1 0 3
841 0 0 1 1 1 0 3
842 1 0 1 1 1 0 4
843 1 0 1 1 1 1 5
844 1 0 1 1 1 1 5
845 1 0 1 1 1 1 5
846 1 1 0 1 1 1 5
847 1 1 0 1 1 1 5
848 0 1 0 1 1 1 4
849 0 1 0 1 1 1 4
850 0 1 0 1 1 1 4
851 0 0 0 0 1 1 2
852 0 0 0 0 1 1 2
853 0 0 0 0 1 1 2
854 0 0 0 0 1 1 2
855 0 0 0 0 1 1 2
856 0 0 0 0 1 1 2
857 0 1 1 0 1 1 4
858 0 1 1 0 1 1 4
859 1 1 1 1 1 1 6
860 1 1 1 1 1 1 6
861 1 1 1 1 1 1 6
862 1 1 1 1 1 1 6
863 1 1 1 1 1 1 6
864 1 1 1 1 1 1 6
865 1 1 1 1 1 1 6
866 1 1 1 1 1 1 6
867 1 1 1 1 1 1 6
868 1 1 1 1 1 1 6
869 1 1 1 1 1 1 6
870 1 1 1 1 1 1 6
871 1 1 1 1 1 1 6
872 0 1 1 1 1 1 5
873 0 1 1 1 1 1 5
874 0 1 1 1 1 1 5
875 0 1 0 1 1 1 4
876 0 0 0 1 0 1 2
877 0 0 0 0 0 0 0
878 0 0 0 0 0 0 0
879 0 0 0 0 0 0 0
880 0 0 0 0 0 0 0
881 0 0 0 0 0 0 0
882 0 0 0 0 0 0 0
883 0 0 0 0 0 0 0
884 0 0 0 0 0 0 0
885 0 0 0 0 0 0 0
886 0 0 0 0 0 0 0
887 0 0 0 0 0 0 0
888 0 0 0 0 0 0 0
889 0 0 0 0 0 0 0
890 0 0 0 0 0 0 0
891 0 0 0 0 0 0 0
892 0 0 0 0 0 0 0
893 0 0 0 0 0 0 0
894 0 0 0 0 0 0 0
895 0 0 0 1 1 0 2
896 0 0 0 1 1 0 2
897 0 0 0 0 1 0 1
898 0 0 0 0 1 0 1
899 0 0 0 0 1 1 2
900 1 0 0 0 1 1 3
901 1 0 0 0 1 1 3
902 1 0 0 0 1 1 3
903 1 0 0 0 1 1 3
904 1 1 1 0 1 1 5
905 1 1 1 1 0 1 5
906 1 1 1 1 0 0 4
907 1 1 1 1 0 1 5
908 1 1 1 1 0 1 5
909 1 1 1 1 0 1 5
910 1 1 1 1 0 1 5
911 1 1 1 1 0 1 5
912 1 1 1 1 0 1 5
913 1 1 1 1 1 1 6
914 1 1 1 1 1 1 6
915 1 1 1 1 1 1 6
916 1 1 1 1 1 1 6
917 1 0 1 1 1 1 5
918 1 0 1 1 1 1 5
919 1 0 1 1 1 1 5
920 1 0 1 1 1 1 5
921 0 0 1 1 1 1 4
922 0 0 1 1 1 1 4
923 0 0 1 1 1 1 4
924 0 0 0 1 1 1 3
925 0 0 0 1 1 1 3
926 0 0 0 0 0 1 1
927 0 0 0 0 0 0 0
928 0 0 0 0 0 0 0
929 0 0 0 0 0 0 0
930 0 0 0 0 0 0 0
931 0 0 0 0 0 0 0
932 0 0 0 0 0 0 0
933 0 0 0 0 0 0 0
934 0 0 0 0 0 0 0
935 0 0 0 0 0 0 0
936 0 0 0 0 0 0 0
937 0 0 0 0 0 0 0
938 0 0 0 0 0 0 0
939 0 0 0 0 0 0 0
940 0 0 0 0 0 0 0
941 0 0 0 0 0 0 0
942 0 0 0 0 0 0 0
943 0 0 0 0 0 0 0
944 0 0 0 0 1 0 1
945 0 0 0 0 1 0 1
946 0 0 1 0 1 0 2
947 0 0 1 0 1 0 2
948 0 0 1 1 1 0 3
949 0 0 1 1 1 0 3
950 0 0 1 1 1 0 3
951 0 0 1 1 1 0 3
952 0 0 1 1 1 1 4
953 0 0 1 1 1 1 4
954 0 0 1 1 1 1 4
955 0 0 1 1 1 1 4
956 0 0 1 1 1 1 4
957 0 0 1 1 1 1 4
958 0 0 1 1 1 1 4
959 0 0 1 1 1 1 4
960 0 0 0 0 1 1 2
961 0 0 0 0 1 1 2
962 0 0 0 0 1 1 2
963 0 0 0 0 1 1 2
964 0 0 0 0 1 1 2
965 0 0 0 0 1 1 2
966 0 0 0 0 1 1 2
967 0 0 0 0 1 0 1
968 0 0 0 0 0 0 0
969 0 0 0 0 0 0 0
970 0 0 0 0 0 0 0
971 0 0 0 0 0 0 0
972 0 0 0 0 0 0 0
973 0 0 0 0 0 0 0
974 0 0 0 0 0 0 0
975 0 0 0 0 0 0 0
976 0 0 0 0 0 0 0
977 0 0 0 0 0 0 0
978 0 0 0 0 0 0 0
979 0 0 0 0 0 0 0
980 0 0 0 0 0 0 0
981 0 0 0 0 0 0 0
982 0 0 0 0 0 0 0
983 0 0 0 0 0 0 0
984 0 0 0 0 0 0 0
985 1 0 0 0 0 0 1
986 1 0 0 0 0 0 1
987 1 1 1 0 0 0 3
988 1 1 1 0 0 0 3
989 1 1 1 1 0 0 4
990 1 1 1 1 0 0 4
991 1 1 1 1 0 0 4
992 1 1 1 1 0 0 4
993 1 1 1 1 0 0 4
994 1 1 1 1 0 0 4
995 1 1 1 1 0 0 4
996 1 1 1 1 0 0 4
997 0 1 0 1 0 0 2
998 0 1 0 1 0 0 2
999 0 1 0 1 0 0 2
1000 0 0 0 0 0 0 0
1001 0 0 0 0 0 0 0
1002 0 0 0 0 0 0 0
1003 0 0 0 0 0 0 0
1004 0 0 0 0 0 0 0
1005 0 0 0 0 0 0 0
1006 0 0 0 0 0 0 0
1007 0 0 0 0 0 0 0
1008 0 0 0 0 1 0 1
1009 0 0 0 0 1 0 1
1010 0 0 0 0 1 0 1
1011 0 0 0 0 1 1 2
1012 0 0 0 0 1 1 2
1013 0 0 0 0 1 1 2
1014 0 0 0 0 1 1 2
1015 0 0 0 0 1 1 2
1016 0 0 0 0 1 1 2
1017 0 0 0 0 1 1 2
1018 0 0 0 0 1 1 2
1019 0 0 0 0 1 1 2
1020 0 0 0 0 0 1 1
1021 0 0 0 0 0 0 0
1022 0 0 0 0 0 0 0
1023 0 0 0 0 0 0 0
1024 0 0 0 0 0 0 0
1025 0 0 0 0 0 0 0
1026 0 0 0 0 0 0 0
1027 0 0 0 0 0 0 0
1028 0 0 0 0 0 0 0
1029 0 0 0 0 0 0 0
1030 0 0 0 0 0 0 0
1031 0 0 0 0 0 0 0
1032 0 0 0 0 0 0 0
1033 0 0 0 0 0 0 0
1034 0 0 0 0 0 0 0
1035 0 0 0 0 0 0 0
1036 0 0 0 0 0 0 0
1037 0 0 0 0 0 0 0
1038 0 0 0 0 0 0 0
1039 0 0 0 0 0 0 0
1040 0 0 0 0 0 0 0
1041 0 0 0 0 0 0 0
1042 0 0 0 0 0 0 0
1043 0 0 0 0 0 0 0
1044 0 0 0 0 0 0 0
1045 0 0 0 0 0 0 0
1046 0 0 0 0 0 0 0
1047 0 0 0 0 0 0 0
1048 0 0 0 0 0 0 0
1049 0 0 0 0 0 0 0
1050 0 0 0 0 0 0 0
1051 0 0 0 0 0 0 0
1052 0 0 0 0 0 0 0
1053 0 0 0 0 0 0 0